0 0
0 1
0 8
0 9
0 35
0 40
0 43
0 44
0 52
0 81
0 81
0 91
0 99
0 115
0 117
0 134
1 9
1 10
1 10
1 11
1 12
1 62
1 75
1 81
1 87
1 105
1 115
2 55
2 75
2 75
2 87
2 106
2 131
3 13
3 18
3 26
3 26
3 27
3 27
3 33
3 33
3 62
3 66
3 70
3 75
3 75
3 75
3 79
3 92
3 104
3 106
3 108
3 108
3 112
3 115
3 121
3 121
3 127
3 133
4 0
4 3
4 4
4 7
4 14
4 19
4 35
4 39
4 39
4 56
4 62
4 68
4 68
4 87
4 120
4 137
4 137
4 137
5 0
5 12
5 12
5 13
5 14
5 32
5 33
5 45
5 79
5 79
5 79
5 88
5 91
5 95
5 96
5 96
5 122
5 131
5 134
6 7
6 8
6 27
6 31
6 35
6 44
6 47
6 49
6 49
6 53
6 53
6 62
6 62
6 68
6 79
6 83
6 104
6 106
6 112
6 118
7 0
7 12
7 28
7 35
7 35
7 35
7 53
7 54
7 59
7 62
7 62
7 64
7 64
7 64
7 68
7 68
7 79
7 79
7 79
7 103
7 108
7 136
8 8
8 12
8 14
8 14
8 45
8 71
8 79
8 79
8 79
8 134
9 10
9 21
9 21
9 24
9 24
9 30
9 30
9 55
9 55
9 62
9 71
9 104
9 118
9 118
9 130
10 4
10 17
10 17
10 23
10 26
10 37
10 37
10 39
10 41
10 42
10 42
10 43
10 43
10 45
10 47
10 53
10 58
10 80
10 83
10 93
11 7
11 14
11 35
11 35
11 47
11 68
11 77
11 103
11 106
11 106
11 114
11 116
11 119
11 119
12 17
12 23
12 29
12 46
12 48
12 66
12 67
12 68
12 87
12 90
12 95
12 95
12 108
12 109
12 122
12 132
13 5
13 9
13 25
13 25
13 27
13 58
13 58
13 59
13 59
13 61
13 61
13 72
13 81
13 96
13 106
13 106
13 106
13 106
13 106
13 110
13 110
13 138
14 16
14 23
14 44
14 52
14 52
14 68
14 73
14 94
15 5
15 5
15 7
15 7
15 21
15 28
15 33
15 36
15 36
15 37
15 39
15 39
15 43
15 69
15 75
15 78
15 80
15 122
15 124
15 124
15 127
15 130
15 130
16 20
16 23
16 23
16 23
16 27
16 33
16 34
16 48
16 49
16 55
16 64
16 64
16 66
16 138
17 2
17 11
17 23
17 25
17 44
17 89
17 98
17 104
17 123
18 32
18 67
18 70
18 70
18 72
18 72
18 81
18 82
18 83
18 87
18 87
18 114
18 126
18 133
19 13
19 13
19 13
19 25
19 25
19 25
19 26
19 27
19 40
19 43
19 44
19 44
19 45
19 45
19 65
19 65
19 93
19 107
19 110
19 110
19 110
19 116
20 33
20 34
20 36
20 36
20 38
20 49
20 51
20 75
20 96
20 97
20 110
20 122
20 130
21 0
21 5
21 35
21 48
21 59
21 77
21 82
21 101
21 122
21 123
21 123
21 124
21 127
21 128
21 136
21 136
21 136
22 31
22 44
22 49
22 56
22 58
22 59
22 69
22 76
22 76
22 86
22 134
22 136
22 136
23 1
23 3
23 31
23 42
23 49
23 53
23 64
23 70
23 70
23 82
23 91
23 102
23 102
23 104
23 120
23 136
24 19
24 28
24 35
24 42
24 55
24 57
24 65
24 65
24 69
24 69
24 82
24 82
24 108
24 136
24 136
25 0
25 4
25 31
25 40
25 42
25 42
25 43
25 43
25 67
25 69
25 82
25 82
25 86
25 88
25 94
25 95
25 103
25 113
25 116
25 116
25 124
25 128
25 128
25 128
25 130
25 131
26 18
26 31
26 45
26 52
26 55
26 55
26 56
26 61
26 63
26 96
26 100
26 108
26 117
27 0
27 23
27 23
27 77
27 88
27 88
27 109
27 112
27 123
27 123
27 125
27 125
28 7
28 11
28 45
28 53
28 57
28 57
28 57
28 81
28 96
28 109
28 110
28 118
28 134
29 15
29 17
29 24
29 27
29 36
29 38
29 82
29 87
29 88
29 99
29 103
29 110
29 114
29 132
29 138
30 3
30 4
30 4
30 5
30 5
30 5
30 5
30 11
30 15
30 29
30 38
30 38
30 54
30 57
30 57
30 57
30 61
30 61
30 62
30 65
30 65
30 67
30 74
30 82
30 97
30 114
30 117
30 117
30 121
30 123
30 130
30 136
30 136
31 9
31 24
31 50
31 63
31 70
31 86
31 86
31 88
31 88
31 92
31 99
31 103
31 129
32 24
32 29
32 29
32 30
32 33
32 40
32 43
32 44
32 45
32 50
32 52
32 55
32 59
32 61
32 69
32 69
32 75
32 79
32 84
33 22
33 27
33 50
33 63
33 65
33 71
33 71
33 91
33 95
33 130
33 136
33 136
34 10
34 29
34 36
34 40
34 40
34 43
34 46
34 52
34 61
34 71
34 97
34 114
34 117
34 119
35 13
35 15
35 47
35 51
35 82
35 104
35 107
35 128
35 133
35 133
35 134
36 1
36 28
36 35
36 35
36 51
36 52
36 74
36 74
36 74
36 76
36 76
36 77
36 77
36 85
36 85
36 99
36 113
36 113
36 121
37 7
37 7
37 7
37 7
37 13
37 14
37 57
37 60
37 62
37 62
37 93
37 96
37 104
37 104
37 107
37 109
37 109
37 109
37 110
37 111
37 130
37 133
37 136
38 0
38 52
38 54
38 73
38 82
38 92
38 99
38 99
38 103
38 119
38 124
38 126
38 137
39 7
39 20
39 25
39 41
39 55
39 59
39 59
39 85
39 85
39 89
39 91
39 91
39 95
39 97
39 110
39 110
39 122
39 123
39 125
39 128
39 137
40 7
40 16
40 53
40 53
40 72
40 74
40 76
40 77
40 102
40 115
40 119
40 121
40 138
40 139
41 3
41 13
41 20
41 23
41 32
41 32
41 34
41 34
41 41
41 41
41 44
41 46
41 46
41 46
41 50
41 59
41 64
41 81
41 103
41 104
41 110
41 131
41 131
41 132
41 133
41 133
41 137
42 3
42 21
42 29
42 62
42 62
42 66
42 77
42 81
42 101
42 112
42 120
42 120
42 131
43 6
43 10
43 10
43 23
43 23
43 33
43 43
43 46
43 56
43 56
43 56
43 68
43 70
43 71
43 78
43 81
43 97
43 98
43 107
43 107
43 108
44 27
44 63
44 71
44 71
44 73
44 73
44 75
44 102
44 102
44 129
45 27
45 47
45 47
45 49
45 87
45 92
45 92
45 93
45 95
45 104
45 104
45 110
45 115
45 120
45 120
45 133
45 133
45 134
46 2
46 16
46 16
46 50
46 54
46 54
46 59
46 67
46 67
46 85
46 86
46 96
46 133
46 133
46 135
46 136
47 7
47 12
47 18
47 28
47 34
47 34
47 44
47 47
47 47
47 51
47 56
47 60
47 60
47 74
47 76
47 76
47 85
47 85
47 86
47 105
47 119
47 136
47 136
48 23
48 58
48 58
48 64
48 71
48 74
48 112
48 127
48 129
49 9
49 24
49 24
49 28
49 32
49 34
49 39
49 40
49 56
49 60
49 60
49 100
49 113
49 113
49 119
49 120
49 120
49 135
49 136
49 136
50 11
50 41
50 51
50 53
50 62
50 68
50 68
50 70
50 95
50 95
50 100
50 130
51 5
51 9
51 9
51 15
51 44
51 46
51 50
51 51
51 75
51 100
51 103
51 105
51 110
51 111
51 117
51 128
52 11
52 13
52 13
52 14
52 17
52 26
52 67
52 72
52 76
52 85
52 94
52 99
52 104
52 114
52 129
52 129
52 130
52 130
53 36
53 39
53 44
53 44
53 50
53 50
53 61
53 62
53 68
53 79
53 99
53 99
53 101
53 124
53 124
53 124
54 17
54 17
54 27
54 51
54 57
54 63
54 67
54 71
54 71
54 105
54 105
54 105
54 106
54 108
54 108
55 3
55 28
55 29
55 30
55 30
55 46
55 48
55 69
55 78
55 78
55 85
55 86
55 86
55 89
55 89
55 98
55 116
55 119
55 122
55 123
55 124
55 135
55 136
55 136
55 138
56 10
56 19
56 40
56 48
56 48
56 61
56 61
56 108
56 125
56 125
56 129
56 133
57 13
57 15
57 33
57 37
57 44
57 92
57 98
57 103
57 125
58 4
58 10
58 10
58 11
58 13
58 17
58 42
58 48
58 58
58 61
58 67
58 68
58 85
58 101
58 107
58 116
59 4
59 4
59 12
59 17
59 34
59 38
59 40
59 40
59 42
59 42
59 76
59 78
59 101
59 110
59 111
59 112
59 125
59 125
60 5
60 23
60 23
60 58
60 61
60 82
60 89
60 94
60 110
60 125
61 4
61 11
61 12
61 15
61 20
61 33
61 33
61 38
61 53
61 53
61 59
61 59
61 76
61 76
61 76
61 94
61 94
61 118
62 4
62 4
62 55
62 72
62 74
62 78
62 98
62 100
62 115
62 126
62 126
62 126
62 128
62 128
62 131
63 3
63 12
63 29
63 48
63 51
63 69
63 76
63 80
63 83
63 98
63 102
63 109
63 113
64 4
64 23
64 34
64 36
64 42
64 67
64 71
64 71
64 73
64 78
64 82
64 86
64 96
64 102
64 125
64 129
65 0
65 4
65 4
65 6
65 6
65 8
65 13
65 44
65 44
65 44
65 48
65 55
65 75
65 85
65 86
65 88
65 88
65 88
65 104
65 104
65 108
65 110
65 110
65 113
65 119
65 119
65 119
65 122
65 122
65 126
65 130
65 132
65 133
66 6
66 16
66 25
66 27
66 27
66 35
66 52
66 66
66 77
66 86
66 89
66 92
66 104
66 122
66 124
66 124
66 125
66 127
66 128
67 0
67 0
67 6
67 7
67 14
67 36
67 41
67 48
67 55
67 69
67 90
67 95
67 98
67 98
67 98
67 98
67 113
68 1
68 27
68 53
68 53
68 54
68 60
68 60
68 64
68 71
68 75
68 97
68 98
68 98
68 117
68 117
68 131
68 139
69 6
69 11
69 11
69 13
69 27
69 29
69 29
69 31
69 31
69 32
69 62
69 98
69 107
69 115
69 121
69 133
69 138
70 0
70 3
70 4
70 6
70 23
70 23
70 23
70 27
70 31
70 34
70 38
70 38
70 52
70 53
70 56
70 73
70 77
70 80
70 84
70 117
71 25
71 40
71 40
71 44
71 54
71 67
71 75
71 75
71 92
71 104
71 104
71 125
72 0
72 17
72 18
72 49
72 92
72 127
72 130
72 133
73 0
73 4
73 9
73 9
73 22
73 22
73 24
73 33
73 33
73 40
73 48
73 51
73 65
73 75
73 87
73 99
73 111
73 112
73 128
74 19
74 27
74 33
74 40
74 53
74 67
74 92
74 102
74 106
74 106
74 106
74 122
74 122
74 128
74 128
74 128
74 130
74 130
74 130
74 136
74 136
74 139
75 1
75 3
75 3
75 9
75 9
75 25
75 33
75 40
75 44
75 50
75 52
75 69
75 69
75 69
75 73
75 75
75 75
75 80
75 80
75 82
75 111
75 111
75 128
76 19
76 34
77 0
77 2
77 4
77 7
77 42
77 44
77 50
77 50
77 50
77 69
77 85
77 91
77 92
77 92
77 101
77 101
77 117
77 119
77 119
77 128
77 128
78 18
78 31
78 36
78 38
78 38
78 51
78 54
78 63
78 69
78 71
78 77
78 90
78 94
78 98
78 114
78 114
78 115
78 119
78 119
78 124
78 132
79 0
79 9
79 14
79 24
79 24
79 26
79 26
79 62
79 71
79 71
79 80
79 82
79 92
79 101
79 112
79 120
79 122
79 126
79 128
79 138
79 138
79 139
80 28
80 60
80 63
80 83
80 83
80 97
80 128
81 3
81 24
81 28
81 50
81 50
81 68
81 74
81 74
81 92
81 92
81 112
81 115
81 115
81 120
81 130
81 135
82 3
82 5
82 5
82 14
82 18
82 18
82 20
82 40
82 46
82 52
82 52
82 54
82 58
82 66
82 97
82 103
82 103
82 119
82 130
82 130
82 134
82 135
82 136
82 136
83 5
83 14
83 18
83 18
83 19
83 21
83 31
83 31
83 35
83 40
83 57
83 60
83 64
83 64
83 74
83 86
83 94
83 97
83 107
83 112
83 119
83 122
84 5
84 7
84 23
84 29
84 29
84 33
84 37
84 40
84 40
84 44
84 48
84 72
84 80
84 83
84 84
84 126
85 17
85 31
85 34
85 58
85 58
85 71
85 71
85 77
85 84
85 92
85 92
85 108
85 120
85 125
85 127
86 29
86 45
86 45
86 86
86 103
86 103
86 103
86 103
86 107
86 107
86 135
86 138
87 14
87 14
87 15
87 19
87 19
87 19
87 23
87 31
87 31
87 32
87 35
87 52
87 63
87 70
87 72
87 73
87 73
87 74
87 74
87 74
87 76
87 76
87 84
87 96
87 114
87 117
87 125
87 137
88 14
88 14
88 18
88 22
88 39
88 39
88 40
88 42
88 48
88 51
88 70
88 72
88 80
88 96
88 96
88 102
88 109
88 109
88 129
88 132
88 134
88 134
89 0
89 16
89 18
89 30
89 37
89 42
89 50
89 52
89 55
89 58
89 68
89 77
89 77
89 84
89 85
89 96
89 114
90 0
90 12
90 25
90 48
90 48
90 54
90 62
90 77
90 77
90 77
90 77
90 81
90 91
90 91
90 91
90 95
90 95
90 95
90 96
90 100
90 103
90 103
90 114
90 118
90 118
90 125
90 127
90 128
90 132
91 3
91 26
91 26
91 55
91 55
91 67
91 67
91 70
91 74
91 86
91 87
91 87
91 89
91 113
91 124
91 135
91 135
92 7
92 11
92 11
92 13
92 15
92 40
92 46
92 68
92 77
92 77
92 96
92 96
92 100
92 104
92 109
92 109
92 132
92 135
93 3
93 16
93 18
93 32
93 32
93 34
93 34
93 34
93 35
93 35
93 36
93 36
93 41
93 45
93 58
93 60
93 66
93 102
93 102
93 105
93 114
94 7
94 23
94 23
94 28
94 46
94 93
94 122
94 131
94 131
95 17
95 17
95 22
95 24
95 25
95 41
95 41
95 49
95 61
95 62
95 64
95 68
95 68
95 69
95 70
95 70
95 77
95 81
95 89
95 90
95 92
95 98
95 98
95 104
95 106
95 137
95 139
96 12
96 17
96 18
96 18
96 28
96 28
96 28
96 53
96 62
96 69
96 76
96 78
96 112
96 118
96 120
96 124
96 126
96 136
96 139
97 57
97 75
97 75
97 82
97 98
97 118
97 135
97 135
98 13
98 17
98 35
98 39
98 63
98 69
98 104
98 113
98 125
98 125
98 130
98 136
99 7
99 12
99 13
99 24
99 41
99 41
99 49
99 49
99 49
99 55
99 73
99 86
99 86
99 92
99 93
99 93
99 106
99 108
99 117
99 117
99 130
99 130
99 134
100 16
100 19
100 28
100 28
100 51
100 57
100 57
100 82
100 82
100 83
100 83
100 86
100 102
100 124
100 124
101 9
101 9
101 13
101 17
101 21
101 27
101 39
101 49
101 71
101 98
101 98
101 114
101 136
102 3
102 3
102 7
102 27
102 29
102 31
102 31
102 31
102 71
102 91
102 104
102 112
102 120
102 133
102 133
102 138
103 4
103 8
103 19
103 26
103 39
103 43
103 71
103 102
103 103
103 106
104 16
104 20
104 35
104 51
104 56
104 58
104 58
104 62
104 71
104 87
104 109
104 122
105 20
105 39
105 43
105 52
105 61
105 71
105 73
105 73
105 80
105 83
105 87
105 89
105 93
105 99
105 103
105 118
105 121
105 126
105 138
106 9
106 18
106 21
106 46
106 46
106 49
106 50
106 53
106 68
106 70
106 73
106 73
106 80
106 96
106 100
106 100
106 101
106 102
106 110
106 111
106 116
106 120
106 125
107 1
107 6
107 9
107 58
107 63
107 66
107 73
107 80
107 104
107 104
107 105
107 107
107 108
107 122
107 132
107 134
108 22
108 49
108 49
108 54
108 55
108 56
108 56
108 63
108 63
108 65
108 82
108 86
108 87
108 95
108 95
108 105
108 110
108 113
108 113
108 122
108 136
108 136
109 22
109 27
109 39
109 43
109 43
109 73
109 85
109 85
109 91
109 91
109 124
109 126
109 126
109 126
109 129
110 14
110 15
110 16
110 63
110 63
110 63
110 66
110 98
110 100
110 100
110 102
110 116
110 117
110 118
110 118
110 122
110 136
110 136
110 136
111 0
111 3
111 6
111 15
111 19
111 32
111 57
111 58
111 61
111 63
111 70
111 76
111 76
111 77
111 79
111 79
111 80
111 103
111 128
111 128
112 27
112 49
112 50
112 50
112 54
112 59
112 64
112 70
112 93
112 93
112 93
112 94
112 94
112 97
112 97
112 97
112 99
112 101
112 101
112 107
112 107
112 113
112 119
112 119
112 133
113 0
113 3
113 11
113 18
113 19
113 32
113 36
113 36
113 55
113 55
113 68
113 70
113 74
113 76
113 76
113 82
113 82
113 93
113 103
113 133
113 137
114 3
114 21
114 35
114 36
114 37
114 39
114 39
114 39
114 40
114 40
114 44
114 44
114 45
114 50
114 54
114 91
114 95
114 116
114 117
114 133
114 138
115 9
115 15
115 15
115 26
115 28
115 50
115 89
115 107
115 109
115 109
115 119
115 130
115 131
116 9
116 32
116 38
116 40
116 50
116 57
116 68
116 70
116 80
116 86
116 88
116 91
116 91
116 94
116 110
116 110
116 112
116 112
116 112
116 113
116 113
116 115
117 3
117 16
117 28
117 28
117 32
117 52
117 78
117 129
117 131
117 133
117 139
118 0
118 7
118 7
118 38
118 41
118 41
118 60
118 62
118 67
118 67
118 68
118 72
118 86
118 86
118 96
119 16
119 25
119 37
119 60
119 72
119 101
119 103
119 103
119 103
119 106
119 115
119 119
120 15
120 30
120 37
120 56
120 56
120 60
120 74
120 76
120 110
120 111
120 111
120 115
120 127
120 127
120 137
121 12
121 44
121 44
121 46
121 46
121 48
121 52
121 96
121 96
121 97
121 102
121 127
122 2
122 7
122 29
122 113
122 114
122 114
123 7
123 15
123 19
123 23
123 55
123 56
123 64
123 66
123 71
123 81
123 81
123 91
123 101
123 109
123 109
123 116
123 127
123 127
123 132
123 132
123 139
124 15
124 15
124 17
124 64
124 64
124 66
124 72
124 73
124 75
124 75
124 113
124 120
124 123
124 127
125 3
125 19
125 22
125 23
125 33
125 56
125 80
125 89
125 90
125 92
125 94
125 94
125 98
125 100
125 100
125 100
125 119
126 34
126 34
126 42
126 46
126 47
126 62
126 62
126 70
126 78
126 88
126 94
126 98
126 109
126 125
127 9
127 9
127 9
127 31
127 32
127 32
127 33
127 34
127 51
127 55
127 55
127 56
127 56
127 64
127 64
127 72
127 83
127 83
127 87
127 87
127 94
127 109
127 112
127 119
127 119
128 1
128 20
128 47
128 62
128 62
128 70
128 88
128 127
128 127
128 129
128 131
129 7
129 19
129 21
129 30
129 37
129 47
129 62
129 62
129 74
129 87
129 90
129 109
129 116
129 131
129 131
129 139
130 2
130 2
130 7
130 10
130 10
130 10
130 13
130 14
130 14
130 28
130 39
130 47
130 50
130 51
130 60
130 62
130 92
130 101
130 120
130 127
130 127
130 131
130 135
130 139
131 0
131 0
131 16
131 16
131 30
131 36
131 37
131 37
131 59
131 83
131 83
131 112
131 112
131 113
131 131
132 0
132 35
132 43
132 43
132 45
132 47
132 47
132 54
132 64
132 72
132 75
132 78
132 78
132 98
132 113
132 125
133 31
133 31
133 79
133 86
133 122
133 122
133 124
134 5
134 5
134 20
134 20
134 20
134 22
134 22
134 27
134 27
134 29
134 49
134 56
134 62
134 74
134 86
134 90
134 90
134 102
134 106
134 106
134 110
134 110
134 121
134 126
134 126
134 131
135 8
135 8
135 11
135 11
135 12
135 15
135 15
135 18
135 20
135 20
135 42
135 45
135 45
135 50
135 82
135 82
135 83
135 83
135 85
135 115
135 121
135 121
135 124
135 124
135 133
135 138
135 138
135 139
136 0
136 2
136 2
136 19
136 19
136 26
136 35
136 57
136 66
136 66
136 70
136 82
136 82
136 84
136 101
136 109
136 116
136 126
136 128
136 132
137 14
137 27
137 38
137 54
137 64
137 79
137 84
137 121
138 39
138 49
138 107
138 109
138 122
138 131
139 10
139 11
139 11
139 11
139 13
139 14
139 25
139 45
139 52
139 82
139 90
139 139
